{
 "cells": [
  {
   "cell_type": "code",
   "execution_count": 37,
   "metadata": {},
   "outputs": [],
   "source": [
    "def get_residues(lines):\n",
    "    resi = []\n",
    "    resi_xyz = []\n",
    "    count = 0\n",
    "    s = []\n",
    "    xyz = []\n",
    "    names = []\n",
    "    name = ''\n",
    "    for line in lines:\n",
    "        toks = line.split()\n",
    "        if len(toks) == 0:\n",
    "            continue\n",
    "        if toks[0] == 'ATOM' and toks[2] != 'H':\n",
    "            if toks[5] != count:\n",
    "                if s != []:\n",
    "                    resi.append(s)\n",
    "                    resi_xyz.append(xyz)\n",
    "                    s = []\n",
    "                    xyz = []\n",
    "                count = toks[5]\n",
    "                names.append(toks[3])\n",
    "            s.append(toks[2])\n",
    "            xyz.append([float(toks[6]), float(toks[7]), float(toks[8])])\n",
    "            name = toks[3]\n",
    "        \n",
    "    if s != []:\n",
    "        resi.append(s)\n",
    "        resi_xyz.append(xyz)\n",
    "    return [resi, resi_xyz, names]"
   ]
  },
  {
   "cell_type": "code",
   "execution_count": 38,
   "metadata": {},
   "outputs": [],
   "source": [
    "def interface(first, first_xyz, second, second_xyz):\n",
    "    result = []\n",
    "    \n",
    "    for i in range(0, len(first)):\n",
    "        two = 0\n",
    "        for j in range(0, len(first[i])):\n",
    "            if first[i][j] != 'CA' and first[i][j] != 'CB':\n",
    "                continue\n",
    "            for k in range(0, len(second)):\n",
    "                for l in range(0, len(second[k])):\n",
    "                    if second[k][l] != first[i][j]:\n",
    "                        continue\n",
    "                    dist = ((first_xyz[i][j][0] - second_xyz[k][l][0])**2 + (first_xyz[i][j][1] - second_xyz[k][l][1])**2 + (first_xyz[i][j][2] - second_xyz[k][l][2])**2)**0.5\n",
    "                    if first[i][j] == 'CA':\n",
    "                        if dist < 12:\n",
    "                            result.append([i, two])\n",
    "                            two = k\n",
    "                            break\n",
    "                    if first[i][j] == 'CB':\n",
    "                        if dist < 6:\n",
    "                            result.append([i, two])\n",
    "                            two = k\n",
    "                            break\n",
    "    return result"
   ]
  },
  {
   "cell_type": "code",
   "execution_count": 39,
   "metadata": {},
   "outputs": [],
   "source": [
    "residues = {\n",
    "    'ILE': 0,\n",
    "    'VAL': 1,\n",
    "    'LEU': 2,\n",
    "    'PHE': 3,\n",
    "    'CYS': 4,\n",
    "    'MET': 5,\n",
    "    'ALA': 6,\n",
    "    'GLY': 7,\n",
    "    'THR': 8,\n",
    "    'SER': 9,\n",
    "    'TRP': 10,\n",
    "    'TYR': 11,\n",
    "    'PRO': 12,\n",
    "    'HIS': 13,\n",
    "    'GLU': 14,\n",
    "    'GLN': 15,\n",
    "    'ASP': 16,\n",
    "    'ASN': 17,\n",
    "    'LYS': 18,\n",
    "    'ARG': 19\n",
    "}"
   ]
  },
  {
   "cell_type": "code",
   "execution_count": 60,
   "metadata": {},
   "outputs": [
    {
     "name": "stdout",
     "output_type": "stream",
     "text": [
      "C:\n",
      "[[24 17 28 22  7  7 32 20 18 28  3 20 14  4 28 16 28 23 23 22]\n",
      " [17 36 41 25  9 15 47 36 27 37  9 23 27  6 42 14 17 18 34 35]\n",
      " [28 41 76 51 12 18 47 34 22 66  9 35 28 12 37 24 29 17 34 44]\n",
      " [22 25 51 30 13 12 43 21 26 34 15 25 23 11 29 18 24 17 30 24]\n",
      " [ 7  9 12 13  0  8  9  3  4 28  2  4 17  1  8  6  1  9 16 13]\n",
      " [ 7 15 18 12  8  8 16 10 13 10  3 18 13  9 19 12 12  6 16 11]\n",
      " [32 47 47 43  9 16 54 26 33 43 12 27 29  7 40 23 37 17 43 36]\n",
      " [20 36 34 21  3 10 26 40 29 52  7  8 25 14 31 28 37 19 37 25]\n",
      " [18 27 22 26  4 13 33 29 22 41  6 17 18  3 22 14 29  9 28 22]\n",
      " [28 37 66 34 28 10 43 52 41 56 13 34 33 21 52 29 49 30 31 31]\n",
      " [ 3  9  9 15  2  3 12  7  6 13  6  8 14  3  7  8 10  5 12  3]\n",
      " [20 23 35 25  4 18 27  8 17 34  8 22 21 10 21 21 28 19 30 22]\n",
      " [14 27 28 23 17 13 29 25 18 33 14 21 26  5 24 17 24 14 27 11]\n",
      " [ 4  6 12 11  1  9  7 14  3 21  3 10  5  2 14 10 14  5  4 14]\n",
      " [28 42 37 29  8 19 40 31 22 52  7 21 24 14 50 19 36 15 42 31]\n",
      " [16 14 24 18  6 12 23 28 14 29  8 21 17 10 19 16 23 16 20 17]\n",
      " [28 17 29 24  1 12 37 37 29 49 10 28 24 14 36 23 24 21 26 45]\n",
      " [23 18 17 17  9  6 17 19  9 30  5 19 14  5 15 16 21 10 19 11]\n",
      " [23 34 34 30 16 16 43 37 28 31 12 30 27  4 42 20 26 19 24 25]\n",
      " [22 35 44 24 13 11 36 25 22 31  3 22 11 14 31 17 45 11 25 12]]\n",
      "F:\n",
      "[ 56.  81. 127.  60.  38.  28.  71.  83.  83.  79.  25.  67.  62.  37.\n",
      "  99.  52.  78.  58.  78.  67.]\n"
     ]
    }
   ],
   "source": [
    "import os\n",
    "import glob\n",
    "import numpy as np\n",
    "\n",
    "np.set_printoptions(precision=3, suppress=True)\n",
    "\n",
    "pathes = glob.glob('data/*.pdb')\n",
    "C = np.zeros((20,20), dtype = np.uint32)\n",
    "F = np.zeros(20)\n",
    "for i in range(0, len(pathes), 2):\n",
    "    file_1 = open(pathes[i])\n",
    "    pdb_1 = file_1.read()\n",
    "    lines_1 = pdb_1.split('\\n')\n",
    "    first, first_xyz, first_names = get_residues(lines_1)\n",
    "    file_2 = open(pathes[i + 1])\n",
    "    pdb_2 = file_2.read()\n",
    "    lines_2 = pdb_2.split('\\n')\n",
    "    second, second_xyz, second_names = get_residues(lines_2)\n",
    "    resi = interface(first, first_xyz, second, second_xyz)\n",
    "    for item in resi:\n",
    "        C[residues[first_names[item[0]]]][residues[second_names[item[1]]]] += 1\n",
    "        C[residues[second_names[item[1]]]][residues[first_names[item[0]]]] += 1\n",
    "    resi_1 = []\n",
    "    resi_2 = []\n",
    "    for item in resi:\n",
    "        if item[0] not in resi_1:\n",
    "            resi_1.append(item[0])\n",
    "        if item[1] not in resi_2:\n",
    "            resi_2.append(item[1])\n",
    "    for item in resi_1:\n",
    "        F[residues[first_names[item]]] += 1\n",
    "    for item in resi_2:\n",
    "        F[residues[second_names[item]]] += 1\n",
    "print('C:')\n",
    "print(C)\n",
    "print('F:')\n",
    "print(F)"
   ]
  },
  {
   "cell_type": "code",
   "execution_count": 61,
   "metadata": {},
   "outputs": [
    {
     "name": "stdout",
     "output_type": "stream",
     "text": [
      "W:\n",
      "[0.042 0.061 0.096 0.045 0.029 0.021 0.053 0.062 0.062 0.059 0.019 0.05\n",
      " 0.047 0.028 0.074 0.039 0.059 0.044 0.059 0.05 ]\n",
      "Q:\n",
      "[[0.005 0.004 0.006 0.005 0.002 0.002 0.007 0.004 0.004 0.006 0.001 0.004\n",
      "  0.003 0.001 0.006 0.004 0.006 0.005 0.005 0.005]\n",
      " [0.004 0.008 0.009 0.005 0.002 0.003 0.01  0.008 0.006 0.008 0.002 0.005\n",
      "  0.006 0.001 0.009 0.003 0.004 0.004 0.007 0.008]\n",
      " [0.006 0.009 0.017 0.011 0.003 0.004 0.01  0.007 0.005 0.015 0.002 0.008\n",
      "  0.006 0.003 0.008 0.005 0.006 0.004 0.007 0.01 ]\n",
      " [0.005 0.005 0.011 0.007 0.003 0.003 0.009 0.005 0.006 0.007 0.003 0.005\n",
      "  0.005 0.002 0.006 0.004 0.005 0.004 0.007 0.005]\n",
      " [0.002 0.002 0.003 0.003 0.    0.002 0.002 0.001 0.001 0.006 0.    0.001\n",
      "  0.004 0.    0.002 0.001 0.    0.002 0.004 0.003]\n",
      " [0.002 0.003 0.004 0.003 0.002 0.002 0.004 0.002 0.003 0.002 0.001 0.004\n",
      "  0.003 0.002 0.004 0.003 0.003 0.001 0.004 0.002]\n",
      " [0.007 0.01  0.01  0.009 0.002 0.004 0.012 0.006 0.007 0.009 0.003 0.006\n",
      "  0.006 0.002 0.009 0.005 0.008 0.004 0.009 0.008]\n",
      " [0.004 0.008 0.007 0.005 0.001 0.002 0.006 0.009 0.006 0.011 0.002 0.002\n",
      "  0.005 0.003 0.007 0.006 0.008 0.004 0.008 0.005]\n",
      " [0.004 0.006 0.005 0.006 0.001 0.003 0.007 0.006 0.005 0.009 0.001 0.004\n",
      "  0.004 0.001 0.005 0.003 0.006 0.002 0.006 0.005]\n",
      " [0.006 0.008 0.015 0.007 0.006 0.002 0.009 0.011 0.009 0.012 0.003 0.007\n",
      "  0.007 0.005 0.011 0.006 0.011 0.007 0.007 0.007]\n",
      " [0.001 0.002 0.002 0.003 0.    0.001 0.003 0.002 0.001 0.003 0.001 0.002\n",
      "  0.003 0.001 0.002 0.002 0.002 0.001 0.003 0.001]\n",
      " [0.004 0.005 0.008 0.005 0.001 0.004 0.006 0.002 0.004 0.007 0.002 0.005\n",
      "  0.005 0.002 0.005 0.005 0.006 0.004 0.007 0.005]\n",
      " [0.003 0.006 0.006 0.005 0.004 0.003 0.006 0.005 0.004 0.007 0.003 0.005\n",
      "  0.006 0.001 0.005 0.004 0.005 0.003 0.006 0.002]\n",
      " [0.001 0.001 0.003 0.002 0.    0.002 0.002 0.003 0.001 0.005 0.001 0.002\n",
      "  0.001 0.    0.003 0.002 0.003 0.001 0.001 0.003]\n",
      " [0.006 0.009 0.008 0.006 0.002 0.004 0.009 0.007 0.005 0.011 0.002 0.005\n",
      "  0.005 0.003 0.011 0.004 0.008 0.003 0.009 0.007]\n",
      " [0.004 0.003 0.005 0.004 0.001 0.003 0.005 0.006 0.003 0.006 0.002 0.005\n",
      "  0.004 0.002 0.004 0.004 0.005 0.004 0.004 0.004]\n",
      " [0.006 0.004 0.006 0.005 0.    0.003 0.008 0.008 0.006 0.011 0.002 0.006\n",
      "  0.005 0.003 0.008 0.005 0.005 0.005 0.006 0.01 ]\n",
      " [0.005 0.004 0.004 0.004 0.002 0.001 0.004 0.004 0.002 0.007 0.001 0.004\n",
      "  0.003 0.001 0.003 0.004 0.005 0.002 0.004 0.002]\n",
      " [0.005 0.007 0.007 0.007 0.004 0.004 0.009 0.008 0.006 0.007 0.003 0.007\n",
      "  0.006 0.001 0.009 0.004 0.006 0.004 0.005 0.005]\n",
      " [0.005 0.008 0.01  0.005 0.003 0.002 0.008 0.005 0.005 0.007 0.001 0.005\n",
      "  0.002 0.003 0.007 0.004 0.01  0.002 0.005 0.003]]\n"
     ]
    }
   ],
   "source": [
    "A = 10\n",
    "W = F / sum(F)\n",
    "print('W:')\n",
    "print(W)\n",
    "\n",
    "tr = 0\n",
    "for i in range(20):\n",
    "    for j in range(i + 1):\n",
    "        tr += C[i][j]\n",
    "        \n",
    "Q = C / tr\n",
    "print('Q:')\n",
    "print(Q)"
   ]
  },
  {
   "cell_type": "code",
   "execution_count": 63,
   "metadata": {},
   "outputs": [
    {
     "name": "stdout",
     "output_type": "stream",
     "text": [
      "G:\n",
      "[[ 4.73   1.629  1.843  4.052  1.063  2.389  4.948  2.229  1.771  3.905\n",
      "  -0.799  3.159  1.947 -1.252  2.925  3.291  3.96   4.392  3.106  3.573]\n",
      " [ 1.629  3.285  1.896  3.004  0.551  4.096  5.015  3.179  1.929  3.512\n",
      "   2.37   2.163  3.196 -1.094  3.083  1.108  0.19   1.725  3.2    3.986]\n",
      " [ 1.843  1.896  2.623  4.147 -0.153  2.934  3.062  0.977 -0.913  4.072\n",
      "   0.416  2.033  1.401 -0.037  0.579  1.495  0.556 -0.476  1.247  3.027]\n",
      " [ 4.052  3.004  4.147  5.1    3.451  4.43   5.932  2.141  3.069  4.448\n",
      "   5.891  3.828  3.803  2.842  2.777  3.503  2.991  2.78   3.96   3.651]\n",
      " [ 1.063  0.551 -0.153  3.451  0.     4.653  1.123 -4.326 -3.077  5.589\n",
      "  -0.876 -2.147  4.474 -5.589 -0.832  0.715 -8.827  2.002  3.214  2.972]\n",
      " [ 2.389  4.096  2.934  4.43   4.653  5.979  4.948  2.229  3.368  2.443\n",
      "   2.212  5.712  4.635  5.28   4.251  5.052  3.291  1.567  4.54   3.573]\n",
      " [ 4.948  5.015  3.062  5.932  1.123  4.948  6.19   2.338  3.373  4.737\n",
      "   4.191  3.432  4.079  0.148  3.443  3.836  4.14   2.049  4.792  4.681]\n",
      " [ 2.229  3.179  0.977  2.141 -4.326  2.229  2.338  3.53   2.134  4.884\n",
      "   1.172 -2.529  2.756  2.48   1.658  4.012  3.462  1.854  3.462  2.419]\n",
      " [ 1.771  1.929 -0.913  3.069 -3.077  3.368  3.373  2.134  0.934  3.852\n",
      "   0.503  0.744  1.329 -4.21   0.168  1.002  2.404 -1.391  2.251  1.864]\n",
      " [ 3.905  3.512  4.072  4.448  5.589  2.443  4.737  4.884  3.852  5.421\n",
      "   4.075  3.969  4.176  4.455  4.119  4.379  4.896  4.052  2.908  3.568]\n",
      " [-0.799  2.37   0.416  5.891 -0.876  2.212  4.191  1.172  0.503  4.075\n",
      "   5.714  2.682  5.449  1.001  0.407  3.783  2.991  1.267  3.783 -1.578]\n",
      " [ 3.159  2.163  2.033  3.828 -2.147  5.712  3.432 -2.529  0.744  3.969\n",
      "   2.682  2.794  2.929  1.949  0.896  3.693  3.181  2.784  3.481  2.794]\n",
      " [ 1.947  3.196  1.401  3.803  4.474  4.635  4.079  2.756  1.329  4.176\n",
      "   5.449  2.929  4.193 -0.725  1.813  3.112  2.849  1.794  3.36   0.121]\n",
      " [-1.252 -1.094 -0.037  2.842 -5.589  5.28   0.148  2.48  -4.21   4.455\n",
      "   1.001  1.949 -0.725 -2.462  1.714  3.049  2.75  -0.435 -2.691  3.41 ]\n",
      " [ 2.925  3.083  0.579  2.777 -0.832  4.251  3.443  1.658  0.168  4.119\n",
      "   0.407  0.896  1.813  1.714  2.968  1.562  2.577  0.062  3.247  2.588]\n",
      " [ 3.291  1.108  1.495  3.503  0.715  5.052  3.836  4.012  1.002  4.379\n",
      "   3.783  3.693  3.112  3.049  1.562  3.612  3.428  3.138  2.821  2.775]\n",
      " [ 3.96   0.19   0.556  2.991 -8.827  3.291  4.14   3.462  2.404  4.896\n",
      "   2.991  3.181  2.849  2.75   2.577  3.428  1.852  2.558  2.199  5.242]\n",
      " [ 4.392  1.725 -0.476  2.78   2.002  1.567  2.049  1.854 -1.391  4.052\n",
      "   1.267  2.784  1.794 -0.435  0.062  3.138  2.558  0.623  2.124  0.41 ]\n",
      " [ 3.106  3.2    1.247  3.96   3.214  4.54   4.792  3.462  2.251  2.908\n",
      "   3.783  3.481  3.36  -2.691  3.247  2.821  2.199  2.124  1.852  2.689]\n",
      " [ 3.573  3.986  3.027  3.651  2.972  3.573  4.681  2.419  1.864  3.568\n",
      "  -1.578  2.794  0.121  3.41   2.588  2.775  5.242  0.41   2.689  0.162]]\n"
     ]
    }
   ],
   "source": [
    "G = np.zeros((20,20))\n",
    "\n",
    "for i in range(20):\n",
    "    for j in range(20):\n",
    "        if Q[i][j] != 0:\n",
    "            G[i][j] = A * math.log(Q[i][j] / W[i] / W[j], 10)\n",
    "print('G:')\n",
    "print(G)"
   ]
  }
 ],
 "metadata": {
  "kernelspec": {
   "display_name": "Python 3",
   "language": "python",
   "name": "python3"
  },
  "language_info": {
   "codemirror_mode": {
    "name": "ipython",
    "version": 3
   },
   "file_extension": ".py",
   "mimetype": "text/x-python",
   "name": "python",
   "nbconvert_exporter": "python",
   "pygments_lexer": "ipython3",
   "version": "3.7.1"
  }
 },
 "nbformat": 4,
 "nbformat_minor": 2
}
